1,0.2,1,100.0,0.2,0.2,10.0,0.020000000000000004,0.1,0.7,0.020000000000000004,4,8,0.01,1,1,1,1,6,0.2064765897397321,0,0.03333333333333333,2.4360000000000204,alive
2,0.2,1,100.0,0.2,0.2,10.0,0.020000000000000004,0.1,0.7,0.020000000000000004,4,8,0.01,1,1,2,4,20,0.9986969136155461,0,0.04955004591368226,9.50000000000001,alive
3,0.2,1,100.0,0.2,0.2,10.0,0.020000000000000004,0.1,0.7,0.020000000000000004,4,8,0.01,1,1,3,18,91,8.096520093714675,0,0.08924005287641652,45.044999999999995,alive
1,0.2,1,100.0,0.2,0.2,10.0,0.020000000000000004,0.1,0.7,0.020000000000000004,4,8,0.01,1,1,1,1,6,0.1793092276125537,0,0.03333333333333333,2.3700000000000228,alive
2,0.2,1,100.0,0.2,0.2,10.0,0.020000000000000004,0.1,0.7,0.020000000000000004,4,8,0.01,1,1,2,4,19,1.105306986170057,0,0.05215794306703396,9.005999999999997,alive
3,0.2,1,100.0,0.2,0.2,10.0,0.020000000000000004,0.1,0.7,0.020000000000000004,4,8,0.01,1,1,3,19,97,9.024500395154602,0,0.09097725142711087,48.01499999999999,alive
1,0.2,1,100.0,0.2,0.2,10.0,0.020000000000000004,0.1,0.7,0.020000000000000004,4,8,0.01,1,1,1,1,6,0.23741177964824028,0,0.03333333333333333,2.4840000000000186,alive
2,0.2,1,100.0,0.2,0.2,10.0,0.020000000000000004,0.1,0.7,0.020000000000000004,4,8,0.01,1,1,2,5,24,1.2671011992973267,0,0.054862599054518256,11.496000000000018,alive
3,0.2,1,100.0,0.2,0.2,10.0,0.020000000000000004,0.1,0.7,0.020000000000000004,4,8,0.01,1,1,3,22,112,10.668089684852195,0,0.09888167388167388,55.55199999999999,alive
1,0.2,1,100.0,0.2,0.2,10.0,0.020000000000000004,0.1,0.7,0.020000000000000004,4,8,0.01,1,1,1,1,6,0.19124753082330687,0,0.03333333333333333,2.4060000000000215,alive
2,0.2,1,100.0,0.2,0.2,10.0,0.020000000000000004,0.1,0.7,0.020000000000000004,4,8,0.01,1,1,2,4,20,0.9756497033958802,0,0.04955004591368226,9.50000000000001,alive
3,0.2,1,100.0,0.2,0.2,10.0,0.020000000000000004,0.1,0.7,0.020000000000000004,4,8,0.01,1,1,3,18,90,8.052724518849294,0,0.09023160901948782,44.45999999999998,alive
1,0.2,1,100.0,0.2,0.2,10.0,0.020000000000000004,0.1,0.7,0.020000000000000004,4,8,0.01,1,1,1,1,6,0.21403029009745084,0,0.03333333333333333,2.4540000000000197,alive
2,0.2,1,100.0,0.2,0.2,10.0,0.020000000000000004,0.1,0.7,0.020000000000000004,4,8,0.01,1,1,2,4,20,0.9073436213609092,0,0.04955004591368226,9.480000000000011,alive
1,0.2,1,100.0,0.2,0.2,10.0,0.020000000000000004,0.1,0.7,0.020000000000000004,4,8,0.01,1,1,1,1,6,0.18778045610044125,0,0.03333333333333333,2.394000000000022,alive
2,0.2,1,100.0,0.2,0.2,10.0,0.020000000000000004,0.1,0.7,0.020000000000000004,4,8,0.01,1,1,2,4,19,1.064844406127583,0,0.05215794306703396,9.005999999999997,alive
1,0.2,1,100.0,0.2,0.2,10.0,0.020000000000000004,0.1,0.7,0.020000000000000004,4,8,0.01,1,1,1,1,6,0.21951595465551813,0,0.03333333333333333,2.4600000000000195,alive
2,0.2,1,100.0,0.2,0.2,10.0,0.020000000000000004,0.1,0.7,0.020000000000000004,4,8,0.01,1,1,2,5,24,1.479251354265482,0,0.054862599054518256,11.496000000000018,alive
1,0.2,1,100.0,0.2,0.2,10.0,0.020000000000000004,0.1,0.7,0.020000000000000004,4,8,0.01,1,1,1,1,6,0.223410786457882,0,0.03333333333333333,2.4660000000000193,alive
2,0.2,1,100.0,0.2,0.2,10.0,0.020000000000000004,0.1,0.7,0.020000000000000004,4,8,0.01,1,1,2,5,24,1.3240213612905352,0,0.054862599054518256,11.496000000000018,alive
3,0.2,1,100.0,0.2,0.2,10.0,0.020000000000000004,0.1,0.7,0.020000000000000004,4,8,0.01,1,1,3,23,117,12.514289289304928,0,0.10144560514930887,58.03200000000001,alive
1,0.2,1,100.0,0.2,0.2,10.0,0.020000000000000004,0.1,0.7,0.020000000000000004,4,8,0.01,1,1,1,1,6,0.18703249565783872,0,0.03333333333333333,2.394000000000022,alive
2,0.2,1,100.0,0.2,0.2,10.0,0.020000000000000004,0.1,0.7,0.020000000000000004,4,8,0.01,1,1,2,4,19,0.909281271982275,0,0.05215794306703396,9.005999999999997,alive
3,0.2,1,100.0,0.2,0.2,10.0,0.020000000000000004,0.1,0.7,0.020000000000000004,4,8,0.01,1,1,3,17,85,7.467616203532907,0,0.08753800632588514,41.989999999999995,alive
1,0.2,1,100.0,0.2,0.2,10.0,0.020000000000000004,0.1,0.7,0.020000000000000004,4,8,0.01,1,1,1,1,6,0.21240093938573362,0,0.03333333333333333,2.44800000000002,alive
2,0.2,1,100.0,0.2,0.2,10.0,0.020000000000000004,0.1,0.7,0.020000000000000004,4,8,0.01,1,1,2,4,20,1.171702380930443,0,0.04955004591368226,9.50000000000001,alive
3,0.2,1,100.0,0.2,0.2,10.0,0.020000000000000004,0.1,0.7,0.020000000000000004,4,8,0.01,1,1,3,20,102,9.644727540647681,0,0.09364790707630874,50.490000000000016,alive
1,0.2,1,100.0,0.2,0.2,10.0,0.020000000000000004,0.1,0.7,0.020000000000000004,4,8,0.01,1,1,1,1,6,0.1963316974517184,0,0.03333333333333333,2.418000000000021,alive
2,0.2,1,100.0,0.2,0.2,10.0,0.020000000000000004,0.1,0.7,0.020000000000000004,4,8,0.01,1,1,2,4,20,1.1186371580867207,0,0.04955004591368226,9.50000000000001,alive
3,0.2,1,100.0,0.2,0.2,10.0,0.020000000000000004,0.1,0.7,0.020000000000000004,4,8,0.01,1,1,3,19,98,8.733248846431751,0,0.09004891212683422,48.510000000000005,alive
1,0.2,1,100.0,0.2,0.2,10.0,0.020000000000000004,0.1,0.7,0.020000000000000004,4,8,0.01,1,1,1,1,6,0.20678245468301343,0,0.03333333333333333,2.4360000000000204,alive
2,0.2,1,100.0,0.2,0.2,10.0,0.020000000000000004,0.1,0.7,0.020000000000000004,4,8,0.01,1,1,2,4,20,0.9779425779398399,0,0.04955004591368226,9.50000000000001,alive
3,0.2,1,100.0,0.2,0.2,10.0,0.020000000000000004,0.1,0.7,0.020000000000000004,4,8,0.01,1,1,3,18,90,8.277378311102364,0,0.09023160901948782,44.45999999999998,alive
